N: 1024
Expectation: -0.013241
Dispersion:1.023694